1880 12.64
1881 12.72
1882 12.7
1883 12.63
1884 12.52
1885 12.47
1886 12.49
1887 12.44
1888 12.63
1889 12.7
1890 12.45
1891 12.58
1892 12.53
1893 12.49
1894 12.5
1895 12.57
1896 12.69
1897 12.69
1898 12.53
1899 12.62
1900 12.72
1901 12.64
1902 12.52
1903 12.43
1904 12.33
1905 12.54
1906 12.58
1907 12.41
1908 12.37
1909 12.31
1910 12.36
1911 12.36
1912 12.44
1913 12.45
1914 12.64
1915 12.65
1916 12.44
1917 12.34
1918 12.5
1919 12.52
1920 12.52
1921 12.61
1922 12.51
1923 12.53
1924 12.53
1925 12.58
1926 12.69
1927 12.58
1928 12.6
1929 12.44
1930 12.64
1931 12.7
1932 12.64
1933 12.51
1934 12.67
1935 12.6
1936 12.65
1937 12.77
1938 12.8
1939 12.78
1940 12.93
1941 12.99
1942 12.87
1943 12.89
1944 13
1945 12.89
1946 12.73
1947 12.77
1948 12.69
1949 12.69
1950 12.63
1951 12.73
1952 12.81
1953 12.88
1954 12.67
1955 12.66
1956 12.61
1957 12.85
1958 12.86
1959 12.83
1960 12.77
1961 12.86
1962 12.83
1963 12.85
1964 12.6
1965 12.69
1966 12.74
1967 12.78
1968 12.72
1969 12.85
1970 12.83
1971 12.72
1972 12.81
1973 12.96
1974 12.73
1975 12.79
1976 12.7
1977 12.98
1978 12.87
1979 12.96
1980 13.06
1981 13.12
1982 12.94
1983 13.11
1984 12.96
1985 12.92
1986 12.98
1987 13.12
1988 13.19
1989 13.07
1990 13.25
1991 13.2
1992 13.02
1993 13.03
1994 13.12
1995 13.25
1996 13.13
1997 13.26
1998 13.41
1999 13.18
2000 13.19
2001 13.34
2002 13.43
2003 13.42
2004 13.33
2005 13.48
2006 13.44
2007 13.46
2008 13.34
2009 13.46
2010 13.52
2011 13.41
2012 13.45
2013 13.48
2014 13.54
2015 13.7
2016 13.81
2017 13.72
2018 13.65
2019 13.78
2020 13.82
